image_width: 320
image_height: 240
camera_name: narrow_stereo
camera_matrix:
  rows: 3
  cols: 3
  data: [506.700490, 0.000000, 316.742962, 0.000000, 508.538445, 244.977253, 0.000000, 0.000000, 1.000000]
distortion_model: plumb_bob
distortion_coefficients:
  rows: 1
  cols: 5
  data: [-0.464729, 0.188576, -0.002020, 0.014261, 0.000000]
rectification_matrix:
  rows: 3
  cols: 3
  data: [1.000000, 0.000000, 0.000000, 0.000000, 1.000000, 0.000000, 0.000000, 0.000000, 1.000000]
projection_matrix:
  rows: 3
  cols: 4
  data: [389.650879, 0.000000, 336.529237, 0.000000, 0.000000, 447.958435, 244.817654, 0.000000, 0.000000, 0.000000, 1.000000, 0.000000]
