image_width: 640
image_height: 480
camera_name: narrow_stereo
camera_matrix:
  rows: 3
  cols: 3
  data: [523.758989238504, 0.0, 317.4922192430639, 0.0, 524.4108791992303, 235.17139457493147, 0.0, 0.0, 1.0]
distortion_model: plumb_bob
distortion_coefficients:
  rows: 1
  cols: 5
  data: [-0.08352162695132806, 0.1469435866971237, 0.0014634744658471226, 0.00020356010776616357, 0.0]
rectification_matrix:
  rows: 3
  cols: 3
  data: [1.000000, 0.000000, 0.000000, 0.000000, 1.000000, 0.000000, 0.000000, 0.000000, 1.000000]
projection_matrix:
  rows: 3
  cols: 4
  data: [525.3164672851562, 0.0, 317.7717914999994, 0.0, 0.0, 525.392578125, 236.0579725324642, 0.0, 0.0, 0.0, 1.0, 0.0]
